SIZE:  16 
  3 taps: 
  4 taps: 
TapsRed = 2.75 	Bal = 3 	16 11 -8 4 -2 0  	[16 14 12 11 10 9 8 7 5 4 3 2 0] 
  5 taps: 
  6 taps: 
  7 taps: 

SIZE:  24 
  3 taps: 
  4 taps: 
TapsRed = 2.75 	Bal = 5 	24 19 -13 9 -2 0  	[24 22 20 19 18 17 15 13 11 9 7 6 0] 
TapsRed = 2.75 	Bal = 4 	24 17 -12 6 -3 0  	[24 21 18 17 15 14 12 11 8 6 5 3 0] 
TapsRed = 2.75 	Bal = 3 	24 18 -12 9 -4 0  	[24 21 20 18 17 15 14 12 11 9 6 5 0] 
  5 taps: 
  6 taps: 
  7 taps: 

SIZE:  32 
  3 taps: 
  4 taps: 
TapsRed = 2.75 	Bal = 6 	32 23 -16 8 -3 0  	[32 29 24 23 21 20 16 15 12 8 7 5 0] 
TapsRed = 2.75 	Bal = 5 	32 24 -15 10 -4 0  	[32 28 27 24 23 20 19 17 15 10 9 6 0] 
TapsRed = 2.75 	Bal = 3 	32 25 -18 10 -5 0  	[32 27 25 24 20 19 17 14 12 10 7 5 0] 
  5 taps: 
TapsRed = 3.0 	Bal = 3 	32 -26 19 -14 8 -4 0  	[32 28 26 25 22 21 18 14 13 11 10 9 8 6 5 4 0] 
TapsRed = 3.8 	Bal = 3 	32 -27 20 -14 8 -4 0  	[32 28 26 25 22 21 20 19 18 16 15 14 13 11 10 9 8 6 5 4 0] 
  6 taps: 
  7 taps: 

SIZE:  40 
  3 taps: 
  4 taps: 
TapsRed = 2.75 	Bal = 5 	40 30 -20 11 -5 0  	[40 35 31 30 26 25 21 20 16 11 10 6 0] 
TapsRed = 2.75 	Bal = 4 	40 30 -22 13 -6 0  	[40 34 31 30 25 24 21 18 15 13 8 7 0] 
TapsRed = 2.75 	Bal = 3 	40 31 -22 14 -6 0  	[40 34 32 31 26 25 23 18 17 14 9 8 0] 
  5 taps: 
TapsRed = 3.4 	Bal = 3 	40 -33 28 -20 12 -6 0  	[40 35 34 32 29 28 27 26 22 21 19 15 14 13 12 8 7 6 0] 
  6 taps: 
  7 taps: 

SIZE:  48 
  3 taps: 
  4 taps: 
TapsRed = 2.75 	Bal = 6 	48 37 -27 15 -6 0  	[48 42 37 36 31 30 25 21 19 15 10 9 0] 
TapsRed = 2.75 	Bal = 5 	48 36 -25 16 -7 0  	[48 41 39 36 32 29 27 23 20 16 11 9 0] 
  5 taps: 
TapsRed = 3.0 	Bal = 5 	48 -40 30 -21 11 -5 0  	[48 43 30 28 27 25 23 20 19 17 15 14 11 9 8 6 0] 
TapsRed = 3.8 	Bal = 5 	48 -37 28 -19 12 -6 0  	[48 42 41 39 35 33 32 29 28 26 23 22 21 20 17 15 12 11 9 6 0] 
TapsRed = 3.8 	Bal = 4 	48 -38 28 -21 14 -6 0  	[48 42 41 38 35 32 31 28 27 25 24 22 21 18 17 15 14 10 8 7 0] 
  6 taps: 
  7 taps: 
TapsRed = 3.86 	Bal = 4 	48 -40 33 -27 21 -16 11 -4 0  	[48 44 43 42 41 39 38 36 35 32 31 30 27 25 23 22 21 20 18 17 16 15 14 12 8 7 6 5 0] 

SIZE:  56 
  3 taps: 
  4 taps: 
TapsRed = 2.75 	Bal = 6 	56 43 -31 17 -8 0  	[56 48 43 42 35 34 29 25 21 17 12 9 0] 
TapsRed = 2.75 	Bal = 4 	56 44 -31 18 -9 0  	[56 47 44 43 35 34 31 25 22 18 13 9 0] 
TapsRed = 2.75 	Bal = 3 	56 43 -32 20 -10 0  	[56 46 44 43 34 33 31 24 21 20 11 10 0] 
  5 taps: 
TapsRed = 3.0 	Bal = 3 	56 -46 38 -27 17 -9 0  	[56 48 47 46 39 37 29 28 27 21 19 18 17 11 10 8 0] 
TapsRed = 3.4 	Bal = 3 	56 -45 36 -28 20 -10 0  	[56 48 47 46 39 38 37 36 31 29 26 21 20 19 18 11 10 8 0] 
  6 taps: 
  7 taps: 
TapsRed = 3.86 	Bal = 3 	56 -47 39 -31 25 -18 12 -6 0  	[56 50 48 44 42 39 37 36 34 33 32 31 29 27 24 23 22 21 20 17 16 14 13 12 9 8 7 6 0] 

SIZE:  64 
  3 taps: 
  4 taps: 
TapsRed = 2.75 	Bal = 6 	64 53 -37 23 -10 0  	[64 54 53 50 43 40 39 29 27 23 16 13 0] 
TapsRed = 2.75 	Bal = 5 	64 49 -36 24 -10 0  	[64 54 52 49 42 39 37 28 27 24 14 13 0] 
TapsRed = 2.75 	Bal = 3 	64 50 -36 24 -11 0  	[64 53 52 50 41 39 38 28 27 24 14 13 0] 
  5 taps: 
TapsRed = 3.8 	Bal = 3 	64 -52 40 -29 18 -9 0  	[64 55 53 52 44 43 41 40 35 32 31 30 29 23 21 20 18 12 11 9 0] 
  6 taps: 
  7 taps: 

SIZE:  72 
  3 taps: 
  4 taps: 
TapsRed = 2.75 	Bal = 6 	72 55 -40 27 -11 0  	[72 61 59 55 48 44 42 32 31 27 16 15 0] 
TapsRed = 2.75 	Bal = 4 	72 56 -42 27 -12 0  	[72 60 57 56 45 44 41 30 29 27 15 14 0] 
  5 taps: 
TapsRed = 3.0 	Bal = 4 	72 -58 47 -35 21 -10 0  	[72 62 61 58 51 48 37 35 33 26 25 23 21 14 12 11 0] 
  6 taps: 
  7 taps: 
TapsRed = 3.57 	Bal = 4 	72 -62 52 -41 30 -21 14 -7 0  	[72 62 61 58 52 48 47 45 37 35 28 27 26 25 24 21 20 19 18 17 16 14 11 10 9 7 0] 
TapsRed = 4.43 	Bal = 4 	72 -62 51 -42 33 -24 14 -7 0  	[72 65 63 62 61 56 55 54 53 52 48 46 45 44 43 41 39 36 34 33 32 30 28 27 26 25 24 18 17 14 10 7 0] 
TapsRed = 5.0 	Bal = 4 	72 -61 52 -42 32 -23 15 -7 0  	[72 65 64 63 62 57 56 54 53 52 49 48 47 46 45 44 43 42 40 39 37 34 32 28 27 26 24 21 20 18 17 15 11 10 9 8 0] 

SIZE:  80 
  3 taps: 
  4 taps: 
TapsRed = 2.75 	Bal = 6 	80 63 -45 26 -13 0  	[80 67 63 61 50 48 44 35 31 26 18 13 0] 
TapsRed = 2.75 	Bal = 5 	80 61 -46 28 -14 0  	[80 66 62 61 48 47 43 34 29 28 15 14 0] 
TapsRed = 2.75 	Bal = 4 	80 62 -48 31 -15 0  	[80 65 63 62 48 47 45 32 31 30 16 14 0] 
  5 taps: 
TapsRed = 3.0 	Bal = 4 	80 -65 51 -38 25 -11 0  	[80 69 67 66 56 55 53 51 38 29 28 27 25 15 14 13 0] 
TapsRed = 3.0 	Bal = 3 	80 -65 52 -39 24 -12 0  	[80 68 67 65 55 53 41 39 37 28 27 25 24 15 13 12 0] 
  6 taps: 
  7 taps: 
TapsRed = 3.29 	Bal = 3 	80 -69 59 -48 39 -28 17 -8 0  	[80 72 71 70 69 63 62 60 53 50 49 48 43 41 40 33 32 31 28 22 20 17 11 9 0] 

SIZE:  88 
  3 taps: 
  4 taps: 
TapsRed = 2.75 	Bal = 6 	88 68 -48 31 -14 0  	[88 74 71 68 57 54 51 40 37 31 20 17 0] 
TapsRed = 2.75 	Bal = 4 	88 70 -53 36 -16 0  	[88 72 71 70 55 54 53 37 36 35 20 17 0] 
  5 taps: 
TapsRed = 3.8 	Bal = 4 	88 -73 56 -40 26 -13 0  	[88 75 74 71 61 58 57 56 48 44 43 42 41 31 29 28 26 16 15 13 0] 
  6 taps: 
  7 taps: 
TapsRed = 4.14 	Bal = 4 	88 -75 62 -51 38 -28 18 -9 0  	[88 79 78 69 60 55 51 49 46 41 40 39 38 37 33 32 31 30 28 24 23 22 21 20 19 18 13 11 10 9 0] 
TapsRed = 4.43 	Bal = 4 	88 -77 67 -54 42 -30 18 -9 0  	[88 79 78 69 67 64 55 54 53 52 48 46 45 44 41 37 36 32 31 30 29 25 24 23 22 21 20 18 13 12 11 9 0] 
TapsRed = 5.0 	Bal = 4 	88 -78 67 -56 43 -30 18 -9 0  	[88 79 77 76 75 68 66 65 64 63 56 53 52 50 47 46 44 42 39 37 33 31 30 29 28 24 23 22 21 20 19 18 13 11 10 9 0] 

SIZE:  96 
  3 taps: 
  4 taps: 
TapsRed = 2.75 	Bal = 6 	96 75 -53 36 -16 0  	[96 80 79 75 63 59 58 43 42 36 22 20 0] 
TapsRed = 2.75 	Bal = 5 	96 76 -59 41 -19 0  	[96 78 77 76 59 58 57 41 39 37 22 17 0] 
  5 taps: 
TapsRed = 3.8 	Bal = 5 	96 -82 64 -46 29 -13 0  	[96 83 79 78 66 65 64 61 51 50 48 47 43 34 32 30 29 18 16 14 0] 
TapsRed = 3.8 	Bal = 4 	96 -78 60 -45 30 -14 0  	[96 82 81 78 67 64 63 60 51 49 48 46 45 34 33 31 30 18 16 15 0] 
  6 taps: 
  7 taps: 
TapsRed = 4.43 	Bal = 4 	96 -82 70 -59 45 -31 20 -10 0  	[96 86 85 84 82 75 74 73 72 71 65 63 61 59 57 56 53 51 49 48 47 46 45 38 37 35 31 28 21 20 11 10 0] 
TapsRed = 5.57 	Bal = 4 	96 -83 72 -58 44 -32 20 -10 0  	[96 86 85 84 82 75 74 73 71 70 64 63 62 61 59 57 53 49 46 45 44 40 39 38 37 36 35 33 32 27 26 25 24 23 22 20 14 13 12 10 0] 

SIZE:  104 
  3 taps: 
  4 taps: 
TapsRed = 2.75 	Bal = 6 	104 82 -63 40 -17 0  	[104 87 82 81 65 64 59 42 41 40 23 19 0] 
TapsRed = 2.75 	Bal = 5 	104 82 -62 39 -18 0  	[104 86 82 81 64 63 59 42 41 39 21 20 0] 
  5 taps: 
TapsRed = 3.0 	Bal = 5 	104 -85 67 -49 33 -14 0  	[104 90 88 86 74 72 70 67 56 55 53 52 51 38 33 18 0] 
TapsRed = 3.4 	Bal = 5 	104 -85 65 -47 31 -15 0  	[104 89 88 84 73 69 68 65 57 53 49 37 35 34 31 19 18 16 0] 
TapsRed = 3.4 	Bal = 4 	104 -86 67 -48 33 -16 0  	[104 89 88 85 73 70 69 67 56 54 52 37 36 35 33 19 18 17 0] 
TapsRed = 3.8 	Bal = 4 	104 -85 66 -50 32 -17 0  	[104 87 86 85 69 68 67 66 54 51 50 49 48 35 34 32 31 19 16 15 0] 
  6 taps: 
  7 taps: 
TapsRed = 4.71 	Bal = 4 	104 -89 74 -62 48 -34 22 -11 0  	[104 93 92 90 89 81 79 77 75 74 70 67 66 63 62 60 56 55 53 42 41 38 37 36 34 29 27 25 23 22 15 14 12 11 0] 
TapsRed = 5.57 	Bal = 4 	104 -91 78 -63 48 -34 22 -11 0  	[104 93 92 91 89 81 80 79 77 76 70 68 67 65 64 61 57 53 51 49 48 44 42 41 40 39 38 36 35 29 28 27 26 25 24 22 15 14 13 11 0] 

SIZE:  112 
  3 taps: 
  4 taps: 
TapsRed = 2.75 	Bal = 6 	112 89 -65 44 -19 0  	[112 93 91 89 72 70 68 49 47 44 25 24 0] 
TapsRed = 2.75 	Bal = 4 	112 88 -64 41 -21 0  	[112 91 89 88 68 67 65 48 44 41 24 20 0] 
  5 taps: 
TapsRed = 3.8 	Bal = 4 	112 -93 72 -52 34 -17 0  	[112 95 94 91 77 74 73 72 60 56 55 54 53 39 37 36 34 20 19 17 0] 
  6 taps: 
  7 taps: 
TapsRed = 4.43 	Bal = 4 	112 -98 83 -67 52 -37 24 -12 0  	[112 100 99 87 83 82 75 71 68 66 58 56 55 53 52 46 43 42 41 39 38 31 30 29 28 27 26 24 16 15 14 12 0] 
TapsRed = 5.29 	Bal = 4 	112 -96 81 -67 51 -38 24 -12 0  	[112 100 98 97 96 86 85 84 83 82 74 71 70 69 67 65 59 58 57 55 54 45 42 41 40 38 37 30 29 28 27 26 25 24 16 14 13 12 0] 

SIZE:  120 
  3 taps: 
  4 taps: 
TapsRed = 2.75 	Bal = 5 	120 95 -69 45 -21 0  	[120 99 96 95 75 74 71 51 50 45 26 24 0] 
  5 taps: 
TapsRed = 3.8 	Bal = 5 	120 -99 78 -56 37 -17 0  	[120 103 101 99 84 82 80 78 64 63 61 59 58 43 42 41 37 22 21 20 0] 
  6 taps: 
  7 taps: 
TapsRed = 4.14 	Bal = 5 	120 -104 88 -74 58 -41 24 -12 0  	[120 108 103 91 79 74 72 70 62 60 57 55 54 45 43 42 41 40 38 33 31 30 29 28 26 24 17 16 14 12 0] 
TapsRed = 4.71 	Bal = 5 	120 -104 89 -72 55 -41 25 -12 0  	[120 108 105 104 103 93 92 91 88 87 79 76 75 71 64 62 59 58 56 47 46 44 42 41 39 33 31 29 27 25 17 16 14 13 0] 
TapsRed = 5.0 	Bal = 5 	120 -106 91 -75 58 -41 25 -12 0  	[120 108 105 104 103 93 92 89 88 87 77 76 74 70 64 63 58 56 55 50 47 45 44 43 42 41 39 33 31 29 27 25 17 16 14 13 0] 
TapsRed = 5.29 	Bal = 4 	120 -103 86 -70 54 -39 26 -13 0  	[120 104 103 94 87 86 81 78 77 76 71 70 65 64 63 61 60 59 54 50 48 47 46 45 44 43 42 33 32 31 30 29 28 26 17 16 15 13 0] 
TapsRed = 5.57 	Bal = 4 	120 -103 86 -70 56 -43 30 -15 0  	[120 107 106 105 103 93 92 91 90 89 88 86 80 78 77 76 75 74 72 71 65 61 59 57 56 50 48 47 45 44 41 33 32 31 29 28 17 16 15 13 0] 

SIZE:  128 
  3 taps: 
  4 taps: 
TapsRed = 2.75 	Bal = 6 	128 99 -73 47 -23 0  	[128 105 102 99 79 76 73 55 50 47 26 24 0] 
TapsRed = 2.75 	Bal = 4 	128 100 -73 49 -25 0  	[128 104 103 100 79 76 75 55 51 49 27 24 0] 
TapsRed = 2.75 	Bal = 3 	128 101 -75 49 -25 0  	[128 103 102 101 77 76 75 53 50 49 26 24 0] 
  5 taps: 
  6 taps: 
  7 taps: 
TapsRed = 3.0 	Bal = 3 	128 -111 95 -77 62 -46 31 -15 0  	[128 113 112 98 97 95 83 82 80 79 67 65 62 51 50 49 48 35 32 31 18 17 0] 

SIZE:  136 
  3 taps: 
  4 taps: 
  5 taps: 
TapsRed = 3.0 	Bal = 6 	136 -113 89 -64 40 -19 0  	[136 117 89 88 72 70 69 65 63 48 46 44 40 25 23 21 0] 
TapsRed = 3.4 	Bal = 6 	136 -113 90 -65 43 -19 0  	[136 117 114 113 95 94 91 90 72 68 66 49 48 47 43 25 24 23 0] 
TapsRed = 3.8 	Bal = 6 	136 -111 90 -67 43 -19 0  	[136 117 115 112 96 93 91 90 72 71 69 68 66 49 48 47 43 25 24 23 0] 
TapsRed = 3.8 	Bal = 5 	136 -112 87 -65 43 -23 0  	[136 114 113 111 91 89 88 87 71 67 66 65 64 46 44 43 42 24 22 20 0] 
  6 taps: 
  7 taps: 
TapsRed = 5.29 	Bal = 5 	136 -117 100 -81 65 -46 28 -14 0  	[136 122 120 119 118 106 105 104 103 102 101 100 90 89 88 87 86 85 83 82 74 73 71 69 68 66 65 57 55 54 52 51 47 38 33 28 19 14 0] 
TapsRed = 5.29 	Bal = 4 	136 -117 98 -79 63 -47 30 -15 0  	[136 121 120 119 117 105 104 103 102 101 100 98 89 88 87 86 85 84 83 81 73 72 70 69 68 66 63 57 54 53 51 48 46 38 31 30 16 15 0] 

SIZE:  144 
  3 taps: 
  4 taps: 
TapsRed = 2.75 	Bal = 6 	144 113 -81 53 -26 0  	[144 118 116 113 90 87 85 63 59 53 32 27 0] 
  5 taps: 
TapsRed = 3.0 	Bal = 6 	144 -122 95 -68 43 -21 0  	[144 123 119 117 98 96 95 92 76 74 71 70 65 44 43 27 0] 
TapsRed = 3.0 	Bal = 5 	144 -120 94 -69 43 -21 0  	[144 123 94 92 75 73 71 68 67 49 47 46 43 25 24 22 0] 
TapsRed = 3.8 	Bal = 4 	144 -118 92 -69 46 -22 0  	[144 122 121 118 99 96 95 92 75 73 72 70 69 50 49 47 46 26 24 23 0] 
  6 taps: 
  7 taps: 
TapsRed = 5.29 	Bal = 4 	144 -126 107 -88 68 -48 32 -16 0  	[144 125 124 112 107 105 96 93 92 88 87 86 77 76 75 73 72 69 68 59 57 56 55 54 53 51 50 39 38 37 36 35 34 32 20 19 18 16 0] 

SIZE:  152 
  3 taps: 
  4 taps: 
TapsRed = 2.75 	Bal = 6 	152 120 -87 58 -27 0  	[152 125 123 120 96 93 91 65 64 58 33 31 0] 
TapsRed = 2.75 	Bal = 5 	152 121 -89 56 -28 0  	[152 124 121 119 93 91 88 63 60 56 32 28 0] 
TapsRed = 2.75 	Bal = 4 	152 121 -93 61 -29 0  	[152 123 121 120 92 91 89 61 60 59 32 28 0] 
  5 taps: 
TapsRed = 3.0 	Bal = 4 	152 -126 98 -74 49 -24 0  	[152 128 127 124 103 100 99 98 78 74 73 51 50 26 25 24 0] 
TapsRed = 3.4 	Bal = 4 	152 -128 105 -79 54 -27 0  	[152 129 127 125 105 104 102 100 80 77 73 54 53 51 50 27 26 24 0] 
  6 taps: 
  7 taps: 
TapsRed = 3.57 	Bal = 4 	152 -132 113 -92 74 -53 34 -17 0  	[152 135 134 117 114 113 99 97 95 94 81 80 79 78 77 76 74 62 59 57 54 42 37 34 20 17 0] 
TapsRed = 3.86 	Bal = 4 	152 -131 112 -94 74 -54 34 -17 0  	[152 135 133 116 98 95 93 92 79 76 74 73 72 59 58 57 56 54 52 41 39 37 35 34 21 20 18 17 0] 
TapsRed = 4.43 	Bal = 4 	152 -135 115 -95 74 -53 35 -17 0  	[152 135 134 132 131 117 113 111 99 98 96 93 92 91 80 79 78 77 75 73 72 62 59 58 52 41 39 37 21 20 18 17 0] 
TapsRed = 4.71 	Bal = 4 	152 -135 115 -97 76 -55 36 -17 0  	[152 135 133 132 131 116 114 113 112 111 98 97 95 93 92 91 79 76 71 60 59 58 56 55 53 40 39 38 37 35 21 19 18 17 0] 

SIZE:  160 
  3 taps: 
  4 taps: 
TapsRed = 2.75 	Bal = 6 	160 125 -90 58 -29 0  	[160 131 128 125 99 96 93 70 64 58 35 29 0] 
TapsRed = 2.75 	Bal = 5 	160 125 -91 61 -31 0  	[160 130 129 125 99 95 94 69 64 61 34 30 0] 
  5 taps: 
TapsRed = 3.8 	Bal = 5 	160 -131 103 -75 48 -24 0  	[160 136 133 132 109 108 105 103 85 81 79 77 76 57 53 52 48 29 28 24 0] 
  6 taps: 
  7 taps: 

SIZE:  168 
  3 taps: 
  4 taps: 
TapsRed = 2.75 	Bal = 6 	168 134 -99 66 -30 0  	[168 138 135 134 105 104 101 71 69 66 36 35 0] 
  5 taps: 
TapsRed = 3.0 	Bal = 6 	168 -137 110 -80 53 -25 0  	[168 143 114 110 89 88 85 84 83 61 59 58 53 31 30 28 0] 
TapsRed = 3.4 	Bal = 6 	168 -142 115 -84 53 -25 0  	[168 143 141 137 116 115 112 110 90 85 79 59 57 54 53 31 28 26 0] 
TapsRed = 3.8 	Bal = 6 	168 -141 113 -84 52 -26 0  	[168 142 140 136 114 113 110 108 87 84 82 81 79 56 55 53 52 29 27 26 0] 
  6 taps: 
  7 taps: 
TapsRed = 5.29 	Bal = 6 	168 -146 123 -102 78 -54 36 -18 0  	[168 145 144 132 123 121 114 109 108 102 100 99 91 90 87 85 84 79 78 69 67 66 64 63 61 58 57 46 45 43 42 40 39 36 24 22 21 18 0] 
TapsRed = 6.43 	Bal = 6 	168 -144 121 -98 77 -55 36 -18 0  	[168 150 149 147 145 131 129 128 127 126 124 121 113 110 108 105 103 102 101 100 92 90 88 87 84 81 77 70 69 66 65 64 63 60 58 47 46 45 42 41 40 36 24 23 22 18 0] 
TapsRed = 7.57 	Bal = 6 	168 -148 128 -106 82 -59 36 -18 0  	[168 150 148 145 144 130 128 127 126 125 124 121 110 109 107 106 105 104 103 102 101 98 89 87 86 85 84 83 82 81 80 79 78 69 65 64 63 62 61 60 59 58 56 45 43 42 41 40 38 36 23 22 20 18 0] 

SIZE:  176 
  3 taps: 
  4 taps: 
TapsRed = 2.75 	Bal = 6 	176 139 -106 73 -34 0  	[176 143 142 139 109 106 105 73 72 70 39 33 0] 
TapsRed = 2.75 	Bal = 3 	176 140 -106 72 -35 0  	[176 142 141 140 107 106 105 72 71 70 37 34 0] 
  5 taps: 
TapsRed = 3.0 	Bal = 3 	176 -145 116 -87 56 -28 0  	[176 148 147 145 119 117 89 87 85 60 59 57 56 31 29 28 0] 
  6 taps: 
  7 taps: 
TapsRed = 3.57 	Bal = 3 	176 -155 133 -110 87 -64 43 -20 0  	[176 156 155 154 153 135 134 133 132 131 112 111 109 108 92 90 89 88 87 66 64 46 44 43 23 21 0] 

SIZE:  184 
  3 taps: 
  4 taps: 
TapsRed = 2.75 	Bal = 5 	184 145 -106 70 -34 0  	[184 150 148 145 114 111 109 78 75 70 39 36 0] 
TapsRed = 2.75 	Bal = 4 	184 147 -110 71 -35 0  	[184 149 147 145 112 110 108 74 73 71 37 36 0] 
  5 taps: 
TapsRed = 3.8 	Bal = 4 	184 -152 120 -89 58 -28 0  	[184 156 153 152 125 124 121 120 95 93 92 90 89 63 62 61 58 32 31 30 0] 
  6 taps: 
  7 taps: 
TapsRed = 4.43 	Bal = 4 	184 -159 135 -111 86 -63 42 -21 0  	[184 160 159 142 121 118 117 115 111 110 97 96 94 91 86 73 70 69 68 67 66 49 48 47 46 45 44 42 25 24 23 21 0] 
TapsRed = 4.71 	Bal = 4 	184 -161 138 -114 92 -67 42 -21 0  	[184 163 162 161 159 141 140 139 137 136 118 114 113 112 93 90 89 72 69 68 67 66 65 49 48 47 46 45 44 42 25 24 23 21 0] 

SIZE:  192 
  3 taps: 
  4 taps: 
TapsRed = 2.75 	Bal = 5 	192 153 -115 75 -35 0  	[192 157 153 152 118 117 113 78 77 75 40 38 0] 
  5 taps: 
TapsRed = 3.0 	Bal = 5 	192 -157 126 -96 64 -31 0  	[192 160 130 126 99 98 96 95 94 68 65 64 63 35 33 30 0] 
  6 taps: 
  7 taps: 
TapsRed = 3.29 	Bal = 5 	192 -168 144 -118 92 -68 42 -21 0  	[192 171 168 147 144 140 124 123 119 116 100 98 95 92 90 76 71 69 68 48 47 42 26 21 0] 
TapsRed = 4.71 	Bal = 5 	192 -168 142 -116 93 -68 42 -21 0  	[192 171 169 148 142 140 124 121 118 116 101 97 95 92 91 76 75 74 71 70 68 67 66 51 50 49 47 46 45 42 26 25 24 21 0] 
TapsRed = 5.0 	Bal = 5 	192 -166 140 -117 93 -68 45 -21 0  	[192 171 169 168 166 148 147 143 142 140 122 121 120 119 117 116 100 99 98 95 94 74 73 72 71 70 68 51 50 48 47 45 26 25 24 23 0] 
TapsRed = 5.86 	Bal = 5 	192 -167 140 -113 90 -67 44 -22 0  	[192 170 165 146 143 140 125 124 123 119 118 115 102 101 98 97 96 94 93 92 90 79 75 74 73 72 71 70 69 68 67 52 50 49 48 47 45 44 27 25 23 22 0] 
TapsRed = 6.14 	Bal = 5 	192 -165 141 -115 90 -67 44 -22 0  	[192 170 169 168 167 147 146 144 143 141 125 123 122 120 119 118 117 116 101 100 99 98 97 96 95 93 90 77 76 75 74 72 70 68 67 53 50 48 45 44 27 26 23 22 0] 

SIZE:  200 
  3 taps: 
  4 taps: 
TapsRed = 2.75 	Bal = 2 	200 160 -119 78 -39 0  	[200 161 160 159 121 120 119 81 80 78 41 39 0] 
  5 taps: 
  6 taps: 
  7 taps: 

SIZE:  208 
  3 taps: 
  4 taps: 
TapsRed = 2.75 	Bal = 6 	208 166 -121 80 -39 0  	[208 169 167 166 128 127 125 87 86 80 45 41 0] 
  5 taps: 
TapsRed = 3.0 	Bal = 6 	208 -173 136 -100 63 -31 0  	[208 177 136 134 108 105 103 99 98 71 68 67 63 36 35 32 0] 
TapsRed = 3.4 	Bal = 6 	208 -172 138 -101 64 -31 0  	[208 177 174 171 143 140 138 137 106 101 100 73 70 69 64 37 36 33 0] 
TapsRed = 3.8 	Bal = 6 	208 -175 141 -105 68 -31 0  	[208 177 174 171 143 141 140 137 110 106 104 103 101 73 70 69 68 37 36 33 0] 
TapsRed = 3.8 	Bal = 5 	208 -173 137 -101 64 -32 0  	[208 176 172 171 140 139 137 135 107 105 103 100 99 71 68 67 64 36 35 32 0] 
  6 taps: 
  7 taps: 
TapsRed = 4.43 	Bal = 5 	208 -180 154 -129 101 -74 46 -23 0  	[208 185 182 159 154 152 134 131 126 125 108 103 102 99 98 79 76 75 74 73 71 55 53 52 51 50 48 46 28 27 25 23 0] 
TapsRed = 5.29 	Bal = 5 	208 -180 153 -127 99 -74 47 -23 0  	[208 185 180 157 154 153 134 131 130 128 127 125 107 106 105 104 102 101 100 99 98 81 78 77 76 73 72 54 53 52 51 50 49 47 28 26 25 24 0] 
TapsRed = 5.57 	Bal = 5 	208 -180 152 -127 101 -77 50 -23 0  	[208 185 182 181 180 159 158 157 155 154 153 152 132 131 130 127 126 125 108 106 105 104 103 101 99 81 80 79 77 76 74 55 53 51 50 49 28 27 25 24 0] 
TapsRed = 5.86 	Bal = 5 	208 -183 158 -129 101 -75 48 -24 0  	[208 184 183 181 180 159 158 157 155 153 134 133 132 130 129 128 127 126 108 107 106 105 104 101 99 83 80 78 75 74 73 55 54 53 51 50 49 48 29 26 25 24 0] 

SIZE:  216 
  3 taps: 
  4 taps: 
TapsRed = 2.75 	Bal = 6 	216 169 -128 86 -44 0  	[216 174 172 169 130 127 125 88 86 83 42 41 0] 
TapsRed = 2.75 	Bal = 5 	216 170 -128 87 -44 0  	[216 175 172 170 131 129 126 88 87 85 43 42 0] 
  5 taps: 
TapsRed = 3.4 	Bal = 4 	216 -181 144 -106 70 -34 0  	[216 182 180 179 146 145 144 143 109 108 105 74 73 71 70 38 36 35 0] 
  6 taps: 
  7 taps: 
TapsRed = 5.57 	Bal = 4 	216 -189 161 -135 106 -77 50 -25 0  	[216 191 189 188 187 164 163 162 160 159 139 135 133 131 111 110 109 108 106 105 103 84 82 81 80 79 78 77 76 56 55 54 53 52 51 50 29 27 26 25 0] 

SIZE:  224 
  3 taps: 
  4 taps: 
TapsRed = 2.75 	Bal = 6 	224 177 -130 84 -41 0  	[224 183 178 177 137 136 131 94 90 84 47 43 0] 
  5 taps: 
TapsRed = 3.8 	Bal = 5 	224 -186 148 -109 70 -34 0  	[224 190 186 185 152 151 148 147 115 114 113 109 108 77 75 74 70 39 38 36 0] 
  6 taps: 
  7 taps: 
TapsRed = 5.0 	Bal = 5 	224 -195 165 -137 108 -78 50 -25 0  	[224 199 196 195 194 171 170 169 167 166 146 142 141 136 117 116 111 109 107 87 84 82 80 79 78 59 58 57 55 54 53 50 30 29 28 25 0] 
TapsRed = 5.29 	Bal = 5 	224 -195 167 -139 109 -79 50 -25 0  	[224 199 196 195 194 171 170 169 166 165 145 141 140 135 117 115 110 108 107 88 87 85 83 82 80 79 78 59 58 57 55 54 53 50 30 29 28 25 0] 
TapsRed = 5.57 	Bal = 5 	224 -194 165 -136 106 -78 51 -25 0  	[224 199 197 195 194 172 170 169 168 167 146 143 142 139 136 135 117 116 114 111 109 108 106 88 85 84 83 80 79 59 58 57 56 55 54 51 30 29 28 26 0] 
TapsRed = 5.57 	Bal = 4 	224 -194 164 -135 107 -79 52 -26 0  	[224 198 197 196 194 171 170 169 168 167 166 164 145 143 140 139 138 136 117 113 111 109 107 89 87 84 83 82 80 59 58 57 56 55 54 52 30 29 28 26 0] 

SIZE:  232 
  3 taps: 
  4 taps: 
TapsRed = 2.75 	Bal = 6 	232 186 -137 90 -43 0  	[232 189 186 185 143 142 139 96 95 90 49 47 0] 
TapsRed = 2.75 	Bal = 5 	232 183 -139 94 -48 0  	[232 187 184 183 139 138 135 94 93 90 46 44 0] 
  5 taps: 
TapsRed = 3.8 	Bal = 5 	232 -193 157 -119 78 -37 0  	[232 196 195 191 159 157 155 154 120 118 117 116 113 80 79 78 77 41 39 38 0] 
  6 taps: 
  7 taps: 
TapsRed = 5.57 	Bal = 5 	232 -203 172 -141 110 -80 52 -26 0  	[232 206 204 178 172 170 152 146 143 142 141 139 118 117 116 115 112 111 110 92 91 90 87 86 85 84 83 82 81 61 60 59 57 56 55 52 31 30 29 26 0] 
TapsRed = 5.57 	Bal = 4 	232 -201 170 -140 112 -85 58 -29 0  	[232 205 204 203 201 177 176 175 174 173 172 170 150 148 147 146 145 144 142 141 121 117 115 113 112 92 90 89 87 86 83 61 60 59 57 56 31 30 29 27 0] 

SIZE:  240 
  3 taps: 
  4 taps: 
TapsRed = 2.75 	Bal = 4 	240 192 -143 96 -46 0  	[240 194 193 192 147 146 145 99 97 96 50 49 0] 
  5 taps: 
  6 taps: 
  7 taps: 
TapsRed = 5.57 	Bal = 4 	240 -208 176 -145 115 -85 56 -28 0  	[240 212 211 210 208 183 182 181 180 179 178 176 155 153 150 149 148 146 125 121 119 117 115 95 93 90 89 88 86 63 62 61 60 59 58 56 32 31 30 28 0] 

SIZE:  248 
  3 taps: 
  4 taps: 
TapsRed = 2.75 	Bal = 6 	248 200 -152 99 -47 0  	[248 201 200 195 153 148 147 100 99 96 52 48 0] 
TapsRed = 2.75 	Bal = 3 	248 197 -146 97 -48 0  	[248 200 199 197 151 149 148 102 100 97 51 49 0] 
  5 taps: 
  6 taps: 
  7 taps: 
TapsRed = 3.57 	Bal = 3 	248 -216 184 -152 122 -90 59 -29 0  	[248 219 218 217 216 189 188 186 185 184 157 156 155 153 128 126 124 123 122 93 91 64 62 59 32 30 0] 

SIZE:  256 
  3 taps: 
  4 taps: 
TapsRed = 2.75 	Bal = 6 	256 206 -155 102 -48 0  	[256 208 206 203 158 155 153 105 102 101 54 51 0] 
TapsRed = 2.75 	Bal = 4 	256 204 -152 99 -49 0  	[256 207 204 203 155 154 151 104 102 99 52 50 0] 
TapsRed = 2.75 	Bal = 3 	256 204 -153 100 -50 0  	[256 206 204 203 154 153 151 103 101 100 51 50 0] 
  5 taps: 
  6 taps: 
  7 taps: 
TapsRed = 3.57 	Bal = 3 	256 -224 191 -158 125 -92 60 -30 0  	[256 226 224 194 191 190 164 161 160 159 158 157 129 128 127 126 125 99 96 95 92 66 62 60 32 30 0] 

