Nlfsr(26, [[1, [-26, -25, 24, -22]], [-3, [-24, -20]], [-4, [-23, 22, 20, 19]], [7, [-18]], [9, [-14]], [-10, [-17, 14]]])
Nlfsr(26, [[-1, [26, -22]], [-2, [-25, -24, 23, 22, -21]], [-4, [23, -20, -19]], [-6, [19, 17]], [-7, [20, 19, 17, -16]], [8, [-19]], [-10, [-17, -16, -15]]])
Nlfsr(26, [[-1, [-26, 25, -24, -23, 22]], [-2, [-25, -24, -23, 21]], [-3, [-24, -21]], [4, [23, 21, 20]], [-5, [20, -19, -18]], [-7, [-20, -17, -16]], [9, [-16, 14]], [10, [-17, -16, -15, -14, 13]]])
Nlfsr(26, [[-1, [-26, -25, -24, -23, 22]], [-2, [-25, 24, 21]], [-3, [-23]], [4, [22, 21, 20, -19]], [-5, [-22, -20, 18]], [-6, [-21, 19]], [-8, [18, -17, 15]], [10, [-17, 16]]])
Nlfsr(26, [[-1, [-26, 25, 24, 22]], [-3, [24, -23, -22, -21, 20]], [4, [23, -22, -19]], [5, [21, 19]], [-6, [-21, 20]], [7, [20, 19, -18, -17, 16]], [-8, [-18, 17, -16, -15]], [9, [-18, -16, 15, 14]], [-10, [17, 16, -15, -13]]])
Nlfsr(26, [[-1, [26, -25, 23, 22]], [2, [25, 24, 22]], [-3, [-24, -23, 22, -20]], [4, [-22, 21, 20]], [-5, [21, -20, 18]], [-6, [21, 20, 19, 18, 17]], [-7, [19, 17, 16]], [9, [18, 17, -16, 15, 14]], [10, [16, -15]]])
Nlfsr(27, [[1, [27, 25, -24, 23]], [-3, [25, 24, 23, -22]], [-4, [24, 22, 21]], [5, [23, -22, 21, -20, 19]], [-7, [21, -20, 19, -18, 17]], [10, [17, 16, -15]]])
Nlfsr(27, [[1, [26, -25, 24, 23]], [4, [-22]], [5, [23, 22, 21, -20, -19]], [6, [-22, 21, 20, -18]], [7, [-20, 19, -18, -17]], [11, [17, 15, 14, -13]]])
Nlfsr(27, [[1, [-26, 25, -23]], [-4, [-24, -23, -22, -20]], [-5, [23, -22, -20]], [-6, [-22, -20, -19]], [7, [21, 20, 19, 18, 17]], [9, [-19, 16, -15]]])
Nlfsr(27, [[-1, [27, 24, 23]], [-4, [24, 23, -21, 20]], [-5, [23, -22, 21, 20, 19]], [6, [-22, -21, 20, 19, 18]], [-7, [21, -20, -18, 17]], [-8, [-20, -19, -17, -16]], [10, [-16, -14]]])
Nlfsr(27, [[-1, [-27, -26, 24]], [-2, [26, -25, -24, -23, -22]], [-3, [-24, 23, 22, -21]], [-4, [-24, -23, -22, -21, 20]], [6, [19]], [-7, [21, -20, -19, -18, -17]], [9, [19, 18, 17, 16, -15]], [10, [-17, 15]], [-11, [17, -15, -13]]])
Nlfsr(27, [[1, [26, -25, -24, 23]], [2, [25, 24, -23]], [4, [-24, 22, 21, -20]], [-5, [-23, -22, -20]], [-7, [21, 20, 19, -18, -17]], [-8, [19, -18]], [9, [-19, 18, -16, -15]], [-10, [-18, -14]], [11, [16, 15, 14]]])
Nlfsr(28, [[-1, [-28, -27, 25]], [-4, [25, 24, 23, -21]], [-6, [23, 22, 19]], [-7, [22, -19]], [-8, [19, 18, -17]], [-10, [-19, 17]]])
Nlfsr(28, [[1, [-28, -25, -24]], [4, [24, -23, -22, -21]], [-6, [-21, 20, 19]], [7, [22, -21]], [8, [21, 20, 19, -18, -17]], [-10, [-19, 18, -17, 16]]])
Nlfsr(28, [[-1, [-28, 27, 25, 24]], [-2, [-27, -24, 23]], [-4, [-22, -21]], [-5, [24, -23, 22, 20]], [-7, [-21, -19, 18]], [-9, [-19, -18]], [-10, [-18, -17]]])
Nlfsr(28, [[-1, [26, -25]], [-2, [-26, -24, -23]], [5, [-24, 23, 22, -21]], [6, [-23, -22, 19]], [-7, [22, -21, 20, -18]], [8, [21, -20, -17]], [-9, [20, -19]], [10, [16, -15]]])
~(0, 16, 25, 7, (22, 23), (24, 27), (26, 27), (0, 24, 26), (0, 24, 27), (22, 23, 24), (22, 23, 25), (24, 25, 26), (25, 26, 27), (6, 7, 9), (0, 24, 26, 27), (22, 23, 24, 25), (24, 25, 26, 27), (6, 7, 8, 9))
Nlfsr(28, [[-1, [26, -25, -24]], [-2, [-27, 26, -24]], [3, [-24, 23, 22]], [-4, [-24, 23]], [5, [24, 23, -22, -21, 20]], [-6, [-22, 20, -19]], [-7, [22, -21, 18]], [-9, [-19]], [-10, [-19, 18, 16, -15]], [11, [-18, -16, 15]]])