
-----------------
Size: 8, taps: 2 
-----------------
Nlfsr(8, [[8, [6, -7]], [1, [4, 5]]]) 
Nlfsr(8, [[8, [6, 7]], [1, [-4, 5]]]) 
Nlfsr(8, [[-8, [6, 0]], [1, [-4, 5]]]) 
Nlfsr(8, [[-8, [7, 0]], [1, [4, -5]]]) 
Nlfsr(8, [[-8, [6, 0]], [1, [-4, 5, 6]]]) 


-----------------
Size: 8, taps: 3 
-----------------
Nlfsr(8, [[-8, [6, 7, 0]], [1, [5, 6]], [2, [5]]]) 
Nlfsr(8, [[8, [6, 7, 0]], [-1, [5, 6]], [2, [5]]]) 
Nlfsr(8, [[-8, [6, 7, 0]], [1, [6, 7]], [2, [4, 5]]]) 
Nlfsr(8, [[8, [6, 7, 0]], [-1, [6, 7]], [2, [4, 5]]]) 
Nlfsr(8, [[8, [6, -7, 0]], [1, [-5, 7]], [-2, [4, 5]]]) 


-----------------
Size: 9, taps: 2 
-----------------
Nlfsr(9, [[9, [6, 7, 8]], [2, [5, -6]]]) 
Nlfsr(9, [[9, [-7, 8]], [2, [5, 6, 7]]]) 


-----------------
Size: 9, taps: 3 
-----------------
Nlfsr(9, [[9, [7, 8]], [-1, [6, 7]], [2, [6]]]) 
Nlfsr(9, [[-9, [7, 8]], [1, [6, 7]], [2, [6]]]) 
Nlfsr(9, [[9, [-8, 0]], [1, [-6, 7]], [2, [6]]]) 
Nlfsr(9, [[9, [8]], [1, [6, 7, 8]], [2, [6]]]) 
Nlfsr(9, [[-9, [7, 8]], [1, [6, -7, 8]], [2, [-5, 6]]]) 


------------------
Size: 10, taps: 2 
------------------
Nlfsr(10, [[-10, [7, 8]], [2, [-5, 7]]]) 
Nlfsr(10, [[10, [7, -9]], [-2, [6, 7]]]) 


------------------
Size: 10, taps: 3 
------------------
Nlfsr(10, [[10, [-8, 9]], [1, [-7, 8]], [2, [6]]]) 
Nlfsr(10, [[10, [9, 0]], [1, [8, 9]], [2, [6]]]) 
Nlfsr(10, [[10, [9, 0]], [1, [7, 8, 9]], [2, [6]]]) 
Nlfsr(10, [[10, [8, 0]], [1, [8]], [2, [5, 6]]]) 
Nlfsr(10, [[-10, [9, 0]], [1, [8]], [2, [5, 6]]]) 


------------------
Size: 11, taps: 3 
------------------
Nlfsr(11, [[11, [-10, 0]], [1, [-8, 9]], [3, [7]]]) 
Nlfsr(11, [[11, [-9, 10, 0]], [1, [7, -8, 9]], [3, [7]]]) 
Nlfsr(11, [[11, [9, 10]], [1, [-8, 9]], [3, [-6, 7]]]) 
Nlfsr(11, [[-11, [9, 0]], [1, [-8, 9]], [3, [-6, 7]]]) 
Nlfsr(11, [[11, [10]], [1, [-8, 9]], [3, [-6, 8]]]) 


------------------
Size: 10, taps: 4 
------------------
Nlfsr(10, [[10, [8, -9]], [1, [8]], [2, [6, 7]], [3, [6]]]) 
Nlfsr(10, [[10, [8, 9]], [1, [8]], [2, [6, -7]], [3, [6]]]) 
Nlfsr(10, [[10, [9, 0]], [1, [7, -8]], [2, [6, 8]], [3, [6]]]) 
Nlfsr(10, [[-10, [8, 9, 0]], [1, [-8, 9]], [2, [6, 8]], [3, [6]]]) 
Nlfsr(10, [[10, [8, 9, 0]], [1, [-8, 9]], [-2, [6, 8]], [3, [6]]]) 


------------------
Size: 11, taps: 4 
------------------
Nlfsr(11, [[11, [-9, 0]], [1, [9, 10]], [2, [8]], [3, [7]]]) 
Nlfsr(11, [[-11, [9, 0]], [1, [9, -10]], [2, [8]], [3, [7]]]) 
Nlfsr(11, [[11, [-9, 0]], [1, [8, 9, 10]], [2, [7, 8]], [3, [7]]]) 
Nlfsr(11, [[11, [10, 0]], [1, [8, 9, -10]], [2, [7, 8]], [3, [7]]]) 
Nlfsr(11, [[11, [9, -10]], [1, [-8, 9, 10]], [2, [-7, 8]], [3, [7]]]) 


------------------
Size: 12, taps: 4 
------------------
Nlfsr(12, [[12, [11, 0]], [1, [10]], [2, [8, 9, -10]], [3, [7]]]) 
Nlfsr(12, [[12, [10, -11]], [1, [9, -10]], [2, [8, 9, -10]], [3, [7]]]) 
Nlfsr(12, [[12, [-10, 0]], [1, [-9, 10, 11]], [2, [9, -10]], [-3, [6, 7]]]) 
Nlfsr(12, [[12, [11]], [1, [-10, 11]], [2, [8, -9]], [3, [-6, 7]]]) 
Nlfsr(12, [[12, [10, 11]], [1, [10, 11]], [2, [8, 10]], [3, [6, -7]]]) 


------------------
Size: 12, taps: 5 
------------------
Nlfsr(12, [[12, [10, 11, 0]], [1, [-9, 10, 11]], [2, [-9, 10]], [3, [8]], [4, [7]]]) 
Nlfsr(12, [[-12, [10, 11, 0]], [1, [-9, 10, 11]], [2, [-9, 10]], [3, [8]], [4, [7]]]) 
Nlfsr(12, [[12, [-10, 0]], [1, [9, 10, 11]], [2, [9, -10]], [3, [8]], [4, [7]]]) 
Nlfsr(12, [[-12, [10, 11]], [1, [10]], [2, [8, 9, 10]], [3, [8]], [4, [7]]]) 
Nlfsr(12, [[12, [-10, 0]], [1, [9, -10, 11]], [2, [8, 9, 10]], [3, [8]], [4, [7]]]) 


------------------
Size: 13, taps: 4 
------------------
Nlfsr(13, [[-13, [12, 0]], [1, [11]], [2, [-8, 9]], [4, [7, 8]]]) 
Nlfsr(13, [[13, [12, 0]], [1, [11]], [2, [-8, 9]], [-4, [7, 8]]]) 
Nlfsr(13, [[13, [12]], [1, [10, 11]], [2, [8, 9]], [4, [-7, 8]]]) 
Nlfsr(13, [[13, [12, 0]], [1, [11, 12]], [2, [8, 9]], [4, [-7, 8]]]) 
Nlfsr(13, [[13, [-12, 0]], [1, [-11, 12]], [2, [9, 10]], [4, [7, -8]]]) 


------------------
Size: 13, taps: 5 
------------------
Nlfsr(13, [[13, [12, 0]], [1, [-11, 12]], [2, [-10, 11]], [3, [8, 9]], [4, [8]]]) 
Nlfsr(13, [[13, [-12, 0]], [1, [10, 11, 12]], [2, [9, 11]], [3, [-8, 9]], [4, [8]]]) 
Nlfsr(13, [[13, [11, 12]], [1, [11]], [2, [9, -11]], [3, [-8, 9]], [4, [8]]]) 
Nlfsr(13, [[13, [11, -12]], [1, [10, 11, -12]], [2, [9, -11]], [3, [-8, 9]], [4, [8]]]) 
Nlfsr(13, [[13, [11, -12]], [1, [11, -12]], [2, [10, -11]], [3, [-8, 9]], [4, [8]]]) 


------------------
Size: 14, taps: 3 
------------------
Nlfsr(14, [[14, [-12, 13]], [2, [10, -12]], [-4, [8, 9]]]) 
Nlfsr(14, [[-14, [12, 13]], [2, [9, 10, -11]], [4, [-9, 10]]]) 


------------------
Size: 14, taps: 4 
------------------
Nlfsr(14, [[14, [-12, 13]], [1, [10, 11]], [3, [9, 10]], [4, [8]]]) 
Nlfsr(14, [[14, [-12, 0]], [1, [10, 11, -12]], [3, [-9, 10]], [4, [8]]]) 
Nlfsr(14, [[14, [13]], [1, [10, -11]], [-3, [10, 11]], [4, [8]]]) 
Nlfsr(14, [[14, [13, 0]], [1, [-11, 12]], [3, [9, 11]], [4, [7, 8]]]) 
Nlfsr(14, [[14, [12, -13]], [-1, [10, 11]], [3, [9, 10, 11]], [4, [7, 8]]]) 


------------------
Size: 14, taps: 5 
------------------
Nlfsr(14, [[14, [12, -13]], [-1, [11, 12, 13]], [2, [10, 11, -12]], [3, [10]], [4, [8]]]) 
Nlfsr(14, [[14, [12, -13]], [-1, [11, 12, 13]], [2, [-10, 12]], [3, [9, 10]], [4, [8]]]) 
Nlfsr(14, [[14, [12, -13]], [1, [11, 12, 13]], [2, [-10, 12]], [-3, [9, 10]], [4, [8]]]) 
Nlfsr(14, [[14, [12, 13]], [1, [11, 12]], [2, [-10, 11]], [3, [-9, 11]], [4, [8]]]) 
Nlfsr(14, [[14, [13]], [1, [-12, 13]], [2, [10, 11, 12]], [3, [-9, 11]], [4, [8]]]) 


------------------
Size: 14, taps: 6 
------------------
Nlfsr(14, [[14, [-12, 13]], [1, [12, -13]], [2, [10, -11, 12]], [-3, [9, 10]], [4, [9]], [5, [8]]]) 
Nlfsr(14, [[14, [12, 13, 0]], [1, [-11, 13]], [2, [10, -12]], [3, [-9, 10]], [4, [9]], [5, [8]]]) 
Nlfsr(14, [[14, [12, -13, 0]], [-1, [11, 12, 13]], [2, [-11, 12]], [3, [-9, 10]], [4, [9]], [5, [8]]]) 
Nlfsr(14, [[14, [12, 0]], [1, [-11, 12, 13]], [2, [10, 11, -12]], [3, [-9, 10]], [4, [9]], [5, [8]]]) 
Nlfsr(14, [[14, [12, -13]], [1, [12]], [2, [-10, 11, 12]], [3, [9, -10]], [4, [9]], [5, [8]]]) 


------------------
Size: 15, taps: 5 
------------------
Nlfsr(15, [[15, [13, -14]], [1, [12, 13, 14]], [2, [-12, 13]], [3, [9, 10]], [5, [9]]]) 
Nlfsr(15, [[15, [14]], [1, [-12, 13, 14]], [2, [-11, 13]], [-3, [9, 11]], [5, [9]]]) 
Nlfsr(15, [[-15, [13, 0]], [1, [-12, 13, 14]], [2, [12]], [3, [9, -11]], [5, [9]]]) 
Nlfsr(15, [[15, [-13, 14, 0]], [1, [12, 14]], [2, [12, 13]], [3, [-10, 11]], [5, [9]]]) 
Nlfsr(15, [[15, [-13, 14, 0]], [1, [12, -14]], [2, [-12, 13]], [3, [-10, 11]], [5, [9]]]) 


------------------
Size: 15, taps: 6 
------------------
Nlfsr(15, [[15, [13, -14]], [1, [12, 14]], [2, [11, 13]], [3, [10, 11]], [4, [10]], [5, [9]]]) 
Nlfsr(15, [[15, [13, 14]], [1, [-12, 14]], [2, [11, 13]], [3, [10, 11]], [4, [10]], [5, [9]]]) 
Nlfsr(15, [[-15, [13, 14]], [1, [13, -14]], [2, [11, 13]], [3, [10, 11]], [4, [10]], [5, [9]]]) 
Nlfsr(15, [[15, [13, 14]], [1, [13, -14]], [-2, [11, 13]], [3, [10, 11]], [4, [10]], [5, [9]]]) 
Nlfsr(15, [[15, [13, -14]], [1, [12, -14]], [2, [-11, 13]], [3, [10, 11]], [4, [10]], [5, [9]]]) 


------------------
Size: 16, taps: 5 
------------------
Nlfsr(16, [[16, [14, 15]], [1, [-13, 14]], [2, [12]], [4, [10, -11]], [5, [9]]]) 
Nlfsr(16, [[16, [14, -15]], [1, [-13, 14]], [2, [11, 12, 13]], [4, [10, 12]], [5, [9]]]) 
Nlfsr(16, [[16, [14, 15, 0]], [1, [-13, 14]], [2, [-11, 12, 13]], [4, [10, 12]], [5, [9]]]) 
Nlfsr(16, [[16, [15, 0]], [1, [13, 14, 15]], [2, [11, -12, 13]], [4, [10, -12]], [5, [9]]]) 
Nlfsr(16, [[16, [15, 0]], [1, [-13, 15]], [2, [12]], [4, [10, -11, 12]], [5, [9]]]) 


------------------
Size: 18, taps: 3 
------------------
Nlfsr(18, [[1, [16]], [3, [13, -14]], [5, [-10, 11, 12]]]) 


------------------
Size: 16, taps: 6 
------------------
Nlfsr(16, [[16, [-14, 15]], [1, [14, -15]], [2, [12, 13, 14]], [3, [-11, 12]], [4, [11]], [5, [9]]]) 
Nlfsr(16, [[-16, [15, 0]], [1, [13, -14]], [2, [-12, 13, 14]], [3, [-11, 13]], [4, [10]], [5, [9]]]) 
Nlfsr(16, [[-16, [14, 0]], [1, [-13, 14]], [2, [-12, 14]], [3, [-12, 13]], [4, [10]], [5, [9]]]) 
Nlfsr(16, [[16, [-14, 15]], [1, [13, -15]], [2, [12, -13]], [3, [11, 13]], [4, [10]], [6, [9]]]) 
Nlfsr(16, [[16, [-14, 15]], [1, [13, -15]], [2, [12, 13]], [3, [-11, 13]], [4, [10]], [6, [9]]]) 


------------------
Size: 17, taps: 6 
------------------
Nlfsr(17, [[17, [15, -16]], [1, [14, 16]], [2, [14, 15]], [3, [13]], [4, [10, 11]], [6, [10]]]) 
Nlfsr(17, [[17, [15, 16]], [1, [-14, 16]], [2, [14, 15]], [3, [13]], [4, [10, 11]], [6, [10]]]) 
Nlfsr(17, [[17, [15, -16]], [1, [14, -16]], [2, [-14, 15]], [3, [13]], [4, [10, 11]], [6, [10]]]) 
Nlfsr(17, [[17, [16, 0]], [1, [-15, 16]], [2, [14]], [3, [12, 14]], [4, [10, 11]], [6, [10]]]) 
Nlfsr(17, [[17, [-15, 16, 0]], [1, [14, -15]], [2, [14, -15]], [-3, [11, 13]], [4, [11]], [6, [10]]]) 


------------------
Size: 17, taps: 5 
------------------
Nlfsr(17, [[17, [15, 0]], [1, [13, 14]], [3, [12, -14]], [4, [-11, 12]], [6, [10]]]) 
Nlfsr(17, [[17, [14, 15]], [1, [14, -15]], [3, [-12, 14]], [4, [11]], [6, [9, 10]]]) 
Nlfsr(17, [[17, [-14, 16]], [2, [13, -14, 15]], [3, [12, 13, 14]], [4, [10, 12]], [6, [10]]]) 
Nlfsr(17, [[17, [14, -15]], [2, [13, 14, 15]], [3, [12, 13]], [4, [10, 11, -12]], [6, [10]]]) 


------------------
Size: 19, taps: 4 
------------------
Nlfsr(19, [[19, [16, 17, -18]], [-2, [15, 16]], [4, [-12, 14]], [6, [10, -11]]]) 
Nlfsr(19, [[1, [16, -17, 18]], [2, [14, 15, -16]], [4, [12, 13, 14]], [6, [-10, 11]]]) 
Nlfsr(19, [[1, [16, -17]], [3, [-14, 15]], [4, [12, -13, 14]], [6, [11, 12]]]) 
Nlfsr(19, [[1, [16, 17]], [3, [14, -15, 16]], [4, [13, -14]], [6, [-11, 12]]]) 


------------------
Size: 18, taps: 4 
------------------
Nlfsr(18, [[18, [16, -17]], [2, [14, -16]], [4, [-12, 13, 14]], [-6, [10, 12]]]) 
Nlfsr(18, [[18, [16]], [2, [13, -15]], [4, [13, -14]], [6, [-10, 11, 12]]]) 
Nlfsr(18, [[18, [15, -16, 17]], [2, [14]], [4, [-12, 13, 14]], [6, [-10, 11, 12]]]) 
Nlfsr(18, [[18, [-15, 17]], [-2, [13, 14]], [4, [11, 12]], [6, [9, 10]]]) 
Nlfsr(18, [[18, [-15, 17]], [2, [13, 14]], [-4, [11, 12]], [6, [9, 10]]]) 


------------------
Size: 18, taps: 6 
------------------
Nlfsr(18, [[18, [-16, 17, 0]], [1, [15, 16, -17]], [2, [-15, 16]], [-3, [12, 14]], [5, [12]], [6, [10]]]) 
Nlfsr(18, [[18, [-16, 0]], [1, [15, 16, -17]], [2, [-13, 14, 15]], [3, [13, 14]], [5, [11, 12]], [6, [10]]]) 
Nlfsr(18, [[18, [16, 17]], [1, [15, 16, -17]], [2, [-13, 15]], [3, [-13, 14]], [5, [11, 12]], [6, [10]]]) 
Nlfsr(18, [[-18, [16, 0]], [1, [-15, 16]], [2, [13, -15]], [4, [12, -13]], [5, [12]], [6, [10]]]) 
Nlfsr(18, [[18, [17]], [1, [-15, 16]], [2, [14, -15]], [4, [12, -13]], [5, [10, 11]], [6, [10]]]) 


------------------
Size: 19, taps: 6 
------------------
Nlfsr(19, [[19, [-17, 18]], [1, [17]], [-2, [14, 16]], [4, [14]], [5, [11, 12]], [7, [11]]]) 
Nlfsr(19, [[19, [-17, 18]], [1, [16, 17, -18]], [2, [14, 15, 16]], [4, [13, -14]], [5, [11, 12]], [7, [11]]]) 
Nlfsr(19, [[19, [17, -18, 0]], [1, [16]], [2, [15, -16]], [4, [13, 14, 15]], [5, [11, -12]], [7, [11]]]) 
Nlfsr(19, [[19, [17, 0]], [-1, [15, 17]], [3, [-14, 16]], [4, [13, -14]], [5, [-11, 12]], [7, [11]]]) 
Nlfsr(19, [[-19, [17, 0]], [1, [15, 17]], [3, [-14, 16]], [4, [13, -14]], [5, [-11, 12]], [7, [11]]]) 


------------------
Size: 20, taps: 6 
------------------
Nlfsr(20, [[20, [-19, 0]], [1, [-16, 18]], [3, [15, -16]], [4, [-13, 15]], [6, [-12, 13]], [7, [11]]]) 
Nlfsr(20, [[20, [17, -18]], [1, [16, -17]], [3, [15, -16]], [4, [13, -14, 15]], [6, [12, -14]], [7, [11]]]) 
Nlfsr(20, [[20, [17, -18, 19]], [-2, [17, 18]], [3, [14, -15]], [4, [13, -15]], [6, [12, 13]], [7, [11]]]) 


------------------
Size: 22, taps: 5 
------------------
Nlfsr(22, [[22, [-19, 20]], [2, [18, 20]], [4, [16, 17, -18]], [6, [14, 15]], [8, [13]]]) 
Nlfsr(22, [[22, [-20, 21]], [-2, [17, 18, 19]], [4, [16, 17]], [6, [14, -16]], [8, [12, 13]]]) 
Nlfsr(22, [[22, [-20, 21]], [2, [17, 18, 19]], [-4, [16, 17]], [6, [14, -16]], [8, [12, 13]]]) 


------------------
Size: 21, taps: 5 
------------------
Nlfsr(21, [[21, [19]], [2, [-18, 19]], [4, [-15, 17]], [5, [14, -15]], [7, [-11, 12, 13]]]) 
Nlfsr(21, [[-21, [18, 20]], [2, [-17, 18]], [4, [15, 16, -17]], [6, [14, -15]], [7, [11, 12, -13]]]) 
Nlfsr(21, [[21, [18, -19, 20]], [2, [17, 18, -19]], [4, [15, -17]], [6, [13, 14, -15]], [8, [11, 12, 13]]]) 
Nlfsr(21, [[-21, [18, 19]], [2, [16, -18]], [4, [15, 17]], [6, [14, 15]], [8, [-11, 13]]]) 
Nlfsr(21, [[21, [18, 19]], [2, [16, -18]], [-4, [15, 17]], [6, [14, 15]], [8, [-11, 13]]]) 
