
------------------
Size: 23, taps: 4 
------------------
Nlfsr(23, [[23, [19, -20]], [2, [21, 22]], [4, [17]], [7, [14]]]) 
Nlfsr(23, [[23, [19, -20]], [-2, [21, 22]], [4, [17]], [7, [14]]]) 
Nlfsr(23, [[23, [19, 20, -21, 22]], [-2, [18, 19, 21]], [5, [15, 18]], [7, [14]]]) 
Nlfsr(23, [[23, [19, 20, -21, 22]], [2, [18, 19, 21]], [-5, [15, 18]], [7, [14]]]) 


------------------
Size: 23, taps: 3 
------------------
Nlfsr(23, [[1, [18, 19, 20, -22]], [4, [15, 17, 18, -19]], [7, [14]]]) 


------------------
Size: 24, taps: 4 
------------------
Nlfsr(24, [[24, [20, -23, 0]], [2, [-21, 23]], [5, [-16, 17]], [8, [15]]]) 
Nlfsr(24, [[24, [20, -22, 23]], [2, [19, -21]], [-5, [18, 19]], [8, [-13, 14]]]) 
Nlfsr(24, [[24, [-22, 23, 0]], [2, [18, 20, -22]], [-5, [15, 17]], [8, [-13, 14]]]) 
Nlfsr(24, [[24, [-20, 23]], [-2, [18, 19]], [5, [15, 16, 17, -18]], [8, [-12, 13]]]) 


------------------
Size: 24, taps: 3 
------------------
Nlfsr(24, [[1, [19, 20, 21, 22, -23]], [-5, [18, 19, 20]], [8, [12, 13, -14]]]) 


------------------
Size: 25, taps: 3 
------------------
Nlfsr(25, [[2, [-20, 22, 23]], [6, [16, -17, 18, 19]], [-8, [13, 17]]]) 
