Nlfsr(16, [[0, [14, 15]], [1, [-13, 14]], [2, [12]], [4, [10, -11]], [5, [9]]])
Nlfsr(17, [[0, [15, 0]], [1, [13, 14]], [3, [12, -14]], [4, [-11, 12]], [6, [10]]])
Nlfsr(18, [[1, [16]], [3, [13, -14]], [5, [-10, 11, 12]]])
Nlfsr(19, [[1, [16, -17, 18]], [2, [14, 15, -16]], [4, [12, 13, 14]], [6, [-10, 11]]])
Nlfsr(20, [[0, [-19, 0]], [1, [-16, 18]], [3, [15, -16]], [4, [-13, 15]], [6, [-12, 13]], [7, [11]]])
Nlfsr(21, [[0, [19]], [2, [-18, 19]], [4, [-15, 17]], [5, [14, -15]], [7, [-11, 12, 13]]])
Nlfsr(22, [[0, [-19, 20]], [2, [18, 20]], [4, [16, 17, -18]], [6, [14, 15]], [8, [13]]])
Nlfsr(23, [[1, [18, 19, 20, -22]], [4, [15, 17, 18, -19]], [7, [14]]])
Nlfsr(24, [[0, [0, 20, -23]], [2, [-21, 23]], [5, [-16, 17]], [8, [15]]])
Nlfsr(25, [[4, [-20, -19]], [-5, [21, 20]], [7, [18]], [9, [15]], [10, [-12]]])
Nlfsr(26, [[2, [24, 23, -22]], [5, [22, 20, 19, -18]], [8, [16]]])
Nlfsr(27, [[1, [0, 25, -24, 23]], [-3, [25, 24, 23, -22]], [-4, [24, 22, 21]], [5, [23, -22, 21, -20, 19]], [-7, [21, -20, 19, -18, 17]], [10, [17, 16, -15]]])
Nlfsr(28, [[-1, [0, -27, 25]], [-4, [25, 24, 23, -21]], [-6, [23, 22, 19]], [-7, [22, -19]], [-8, [19, 18, -17]], [-10, [-19, 17]]])
Nlfsr(29, [[-1, [0, 27]], [-4, [26, 25, 24, 22]], [-6, [-24, -23, 21, -20]], [7, [23, 21, -20, 19]], [-8, [-22, -21, 19, -18]], [-9, [21, -20, 19]], [-10, [-20, -19, 17]], [11, [18, 17, 16, -15]]])
Nlfsr(31, [[2, [2]], [3, [28]], [3, [20, 26]], [4, [25]], [4, [26]], [6, [24]], [6, [25]], [7, [24]], [7, [278]], [9, [15, 25]], [9, [27, 0]], [10, [21]], [11, [19]], [12, [18]], [12, [15, 18, 26, 2]], [13, [15, 16, 2]], [13, [15, 26, 28, 0]], [14, [18]]])
Nlfsr(32, [[0, [31]], [1, [29]], [5, [26]], [6, [24]], [8, [21, 24]], [9, [22]], [10, [18]], [11, [18]], [12, [16, 22]], [13, [18, 19, 30]], [14, [17]]])